EXACT INTEGER CERTIFICATE FOR THE ORDER-15 RECTANGULAR IMMANANT

M = 2622150535278170077084028849035651351078346354137625907361158186255438546087020178852205591785682843258976630527200

Identity: sum_{i=1}^{125} z_i R_i = M (6006 per - d_(3,3,3,3,3)).
All d symbols below are RAW, unnormalized immanants.

R001: central alpha=(1,) beta=(14,) k=1
z = 975940715523246806755425526350149334722972830311144113709048400571725216999327867803445549142856234410577624209378340
R = +14 d_(15,) -1 d_(14, 1)

R002: central alpha=(2,) beta=(13,) k=1
z = 63128109502365607385459938770148044680108530441410006000116859405678547513540866013860922409600358973643259740557830
R = +26 d_(15,) +11 d_(14, 1) -2 d_(13, 2)

R003: central alpha=(3,) beta=(12,) k=1
z = 9509019743053958605878722496704367042100903868548115024559202988417506194293567793659090624547684236310200256999285
R = +36 d_(15,) +21 d_(14, 1) +8 d_(13, 2) -3 d_(12, 3)

R004: central alpha=(3,) beta=(6, 6) k=1
z = 117731637269242130047552181477074565134870993926949269301989730037614332026311811711032281267235774267870750735140
R = +9 d_(9, 6) +4 d_(8, 6, 1) -3 d_(6, 6, 3)

R005: central alpha=(3,) beta=(3, 3, 3, 3) k=1
z = 15713942521094363455504495340601716936719904834034731388105348579156214284478476104568028676228458245999134732640
R = +9 d_(6, 3, 3, 3) -7 d_(4, 3, 3, 3, 2) -12 d_(3, 3, 3, 3, 3)

R006: central alpha=(4,) beta=(11,) k=1
z = 1433423245543913726988968967606536546467422292303408817001973812480862044345652453199449484332892475407575093544385
R = +44 d_(15,) +29 d_(14, 1) +16 d_(13, 2) +5 d_(12, 3) -4 d_(11, 4)

R007: central alpha=(4,) beta=(6, 5) k=1
z = 5911934659990450141606127269100489086457093423063846125048750487895350671682195888240874104093445688256515728300
R = +24 d_(10, 5) +19 d_(9, 6) +13 d_(9, 5, 1) +9 d_(8, 6, 1) +4 d_(8, 5, 2) +1 d_(7, 6, 2) -3 d_(7, 5, 3) -5 d_(6, 6, 3) -8 d_(6, 5, 4)

R008: central alpha=(4,) beta=(4, 4, 3) k=1
z = 69284035530242335695392907803559106352078492418749911433186151097261632389789082503312308901212510234850943360
R = +16 d_(8, 4, 3) +10 d_(7, 4, 4) +6 d_(7, 4, 3, 1) +1 d_(6, 4, 4, 1) -2 d_(6, 4, 3, 2) -6 d_(5, 4, 4, 2) -8 d_(5, 4, 3, 3) -11 d_(4, 4, 4, 3)

R009: central alpha=(2, 2) beta=(11,) k=1
z = 458360444824509624525947801431457836368128684398908513429233207913553847963459119426211393376133503770957649874560
R = +11 d_(13, 2) +4 d_(12, 2, 1) -2 d_(11, 2, 2)

R010: central alpha=(5,) beta=(10,) k=1
z = 85100061816167703602042183984193072768803071791523747507836184121224962919138030062400988462007463065076821582210
R = +50 d_(15,) +35 d_(14, 1) +22 d_(13, 2) +11 d_(12, 3) +2 d_(11, 4) -5 d_(10, 5)

R011: central alpha=(6,) beta=(3, 3, 3) k=1
z = 22574488766880249644285004853489847190493681783305428138929600062103152585644166443773888897261695208144370379600
R = +18 d_(9, 3, 3) +7 d_(8, 3, 3, 1) -2 d_(7, 3, 3, 2) -9 d_(6, 3, 3, 3)

R012: central alpha=(3, 3) beta=(9,) k=1
z = 38350218972110757242475005750686324813318574347072227132136300067174186839361531967003986347618332526223418260040
R = +27 d_(12, 3) +14 d_(11, 3, 1) +3 d_(10, 3, 2) -6 d_(9, 3, 3)

R013: central alpha=(7,) beta=(8,) k=1
z = 615802033018666024812691727266565920954777024986520276317681242144986310076008545751821864245540481647282077027235
R = +56 d_(15,) +41 d_(14, 1) +28 d_(13, 2) +17 d_(12, 3) +8 d_(11, 4) +1 d_(10, 5) -4 d_(9, 6) -7 d_(8, 7)

R014: central alpha=(7,) beta=(4, 4) k=1
z = 18872467468922241245348366437287160891577424863813124318942558145194191798340356849681678072330621675780577953940
R = +14 d_(11, 4) +8 d_(10, 4, 1) +3 d_(9, 4, 2) -1 d_(8, 4, 3) -4 d_(7, 4, 4)

R015: central alpha=(1, 1) beta=(12, 1) k=2
z = 264429610029423356122065045453102426203383470112260232678979562568756524826581807055473275385688947197361328588665
R = +13 d_(13, 2) -13 d_(13, 1, 1) -1 d_(12, 2, 1) +2 d_(12, 1, 1, 1)

R016: central alpha=(1, 1) beta=(11, 2) k=2
z = 683565568840753099811879653096513639351574928437628497463739107063771713722270230441633447653271177683884781562720
R = +12 d_(12, 3) -6 d_(12, 2, 1) -1 d_(11, 3, 1) +1 d_(11, 2, 1, 1)

R017: central alpha=(1, 1) beta=(11, 1, 1) k=2
z = 62885866146459856224593999998735957596430121580099873333235573016164572101865671597607153241814913543022584279840
R = +6 d_(12, 2, 1) -12 d_(12, 1, 1, 1) -1 d_(11, 2, 1, 1) +3 d_(11, 1, 1, 1, 1)

R018: central alpha=(1, 1) beta=(8, 5) k=2
z = 23616675966231286562178245824413876878182619399065367703077875811226861095130994070555557867199082156242241123555
R = +45 d_(9, 6) -9 d_(9, 5, 1) -5 d_(8, 6, 1) +2 d_(8, 5, 1, 1)

R019: central alpha=(1, 1) beta=(7, 6) k=2
z = 50280051702905924817110497323127889580350013080827806037630529243872509567051413602282652909232098473632020564760
R = +24 d_(8, 7) -4 d_(8, 6, 1) -3 d_(7, 7, 1) +1 d_(7, 6, 1, 1)

R020: central alpha=(1, 1) beta=(7, 3, 3) k=2
z = 1082200122852619270502063038904158502377803372415380618864706631324406494942585058024205176709643916741632526960
R = +12 d_(8, 4, 3) -8 d_(8, 3, 3, 1) +3 d_(7, 4, 4) -3 d_(7, 4, 3, 1) +3 d_(7, 3, 3, 1, 1)

R021: central alpha=(1, 1) beta=(5, 4, 2, 2) k=2
z = 753625441532127021581629055612847636864455417762855642812063659119917124985149951740493113826551163940315740640
R = +24 d_(6, 5, 2, 2) +6 d_(6, 4, 3, 2) -18 d_(6, 4, 2, 2, 1) +4 d_(5, 5, 3, 2) -12 d_(5, 5, 2, 2, 1) -3 d_(5, 4, 3, 2, 1) +12 d_(5, 4, 2, 2, 1, 1)

R022: central alpha=(1, 1) beta=(5, 3, 3, 2) k=2
z = 54270427834579216828793738173954874197283406645075578069047497738756905692814680504261056018420350407443129480
R = +6 d_(6, 4, 3, 2) -6 d_(6, 3, 3, 2, 1) +2 d_(5, 4, 4, 2) -3 d_(5, 4, 3, 2, 1) +4 d_(5, 3, 3, 2, 1, 1)

R023: central alpha=(1, 1) beta=(4, 4, 4, 1) k=2
z = 1034731789110204454451834500640900997268124844198476086335576680540574490290503360023405856183369662091083333632
R = +20 d_(5, 5, 4, 1) -5 d_(5, 4, 4, 2) -15 d_(5, 4, 4, 1, 1) +3 d_(4, 4, 4, 2, 1) +12 d_(4, 4, 4, 1, 1, 1)

R024: central alpha=(1, 1) beta=(4, 4, 3, 2) k=2
z = 146805402781524077013864916307693195622116728343588539459976052311266415262696966542055889750232427636006707856
R = +20 d_(5, 5, 3, 2) +10 d_(5, 4, 4, 2) -15 d_(5, 4, 3, 2, 1) -6 d_(4, 4, 4, 2, 1) +12 d_(4, 4, 3, 2, 1, 1)

R025: central alpha=(1, 1) beta=(4, 4, 2, 2, 1) k=2
z = 379472967915401397285021783521713619563502057885716341022328153563882329456622224767700702797957133190283328000
R = +20 d_(5, 5, 2, 2, 1) +5 d_(5, 4, 3, 2, 1) -10 d_(5, 4, 2, 2, 2) -20 d_(5, 4, 2, 2, 1, 1) -2 d_(4, 4, 3, 2, 2) -4 d_(4, 4, 3, 2, 1, 1) +8 d_(4, 4, 2, 2, 2, 1) +20 d_(4, 4, 2, 2, 1, 1, 1)

R026: central alpha=(1, 1) beta=(4, 3, 3, 3) k=2
z = 9794117528552032151207925801514599392606858403198396933669979268139388248583602040566551309943055171467498289680
R = +5 d_(5, 4, 3, 3) -5 d_(5, 3, 3, 3, 1) +2 d_(4, 4, 4, 3) -3 d_(4, 4, 3, 3, 1) +4 d_(4, 3, 3, 3, 1, 1)

R027: central alpha=(1, 1) beta=(3, 3, 3, 3, 1) k=2
z = 31919089875842461068399497925170188928071811272813231904592734396415757844671537932510905818013731569477876892800
R = +3 d_(4, 4, 3, 3, 1) -2 d_(4, 3, 3, 3, 2) -4 d_(4, 3, 3, 3, 1, 1) +2 d_(3, 3, 3, 3, 2, 1) +5 d_(3, 3, 3, 3, 1, 1, 1)

R028: central alpha=(3,) beta=(6, 2, 1, 1, 1, 1) k=3
z = 98983812423280414530097233558163212391329785009698097869301115715799924733225958541780142878678203723562243184
R = +30 d_(9, 2, 1, 1, 1, 1) -5 d_(8, 3, 1, 1, 1, 1) -15 d_(8, 2, 2, 1, 1, 1) -40 d_(8, 2, 1, 1, 1, 1, 1) +3 d_(7, 3, 2, 1, 1, 1) +8 d_(7, 3, 1, 1, 1, 1, 1) +24 d_(7, 2, 2, 1, 1, 1, 1) -6 d_(6, 3, 2, 1, 1, 1, 1)

R029: central alpha=(3,) beta=(4, 3, 2, 1, 1, 1) k=3
z = 116868601135676539395838243559382989664621219961695499240437739578272741942792865620184372256857157866185125080
R = +6 d_(7, 3, 2, 1, 1, 1) -3 d_(6, 3, 3, 1, 1, 1) -6 d_(6, 3, 2, 2, 1, 1) -12 d_(6, 3, 2, 1, 1, 1, 1) +4 d_(5, 3, 3, 2, 1, 1) +8 d_(5, 3, 3, 1, 1, 1, 1) +16 d_(5, 3, 2, 2, 1, 1, 1) -16 d_(4, 3, 3, 2, 1, 1, 1)

R030: central alpha=(3,) beta=(3, 3, 3, 3) k=3
z = 62679950773158689402826248636523765365214848721592331641148727535191163586215527607663484157134088934465792030320
R = +1 d_(6, 3, 3, 3) -2 d_(5, 3, 3, 3, 1) +5 d_(4, 3, 3, 3, 2) -20 d_(3, 3, 3, 3, 3)

R031: central alpha=(3,) beta=(3, 3, 3, 1, 1, 1) k=3
z = 337488015971017808827147171460256847861338142320760931298615371090886852780128407570997826792957017165007720360
R = +3 d_(6, 3, 3, 1, 1, 1) -4 d_(5, 3, 3, 2, 1, 1) -8 d_(5, 3, 3, 1, 1, 1, 1) +6 d_(4, 3, 3, 3, 1, 1) +16 d_(4, 3, 3, 2, 1, 1, 1) -48 d_(3, 3, 3, 3, 1, 1, 1)

R032: central alpha=(2, 1) beta=(8, 1, 1, 1, 1) k=3
z = 231120996967931220058001257242862335325467821135526880659042824099099734801076301143989923907173578302587176904
R = +63 d_(10, 2, 1, 1, 1) -252 d_(10, 1, 1, 1, 1, 1) -9 d_(9, 3, 1, 1, 1) -7 d_(9, 2, 2, 1, 1) -3 d_(9, 2, 1, 1, 1, 1) +168 d_(9, 1, 1, 1, 1, 1, 1) +4 d_(8, 3, 1, 1, 1, 1) +6 d_(8, 2, 2, 1, 1, 1) -24 d_(8, 2, 1, 1, 1, 1, 1)

R033: central alpha=(2, 1) beta=(3, 3, 2, 2, 2) k=3
z = 34976220947461454604336516039301220267629429950597834133527635609045961813311706491911517317839315569170984800
R = +12 d_(5, 4, 2, 2, 2) +4 d_(5, 3, 3, 2, 2) -16 d_(5, 3, 2, 2, 2, 1) -4 d_(4, 4, 3, 2, 2) -24 d_(4, 4, 2, 2, 2, 1) -1 d_(4, 3, 3, 3, 2) +1 d_(4, 3, 3, 2, 2, 1) +48 d_(4, 3, 2, 2, 2, 2) +24 d_(4, 3, 2, 2, 2, 1, 1) +3 d_(3, 3, 3, 3, 2, 1) +12 d_(3, 3, 3, 2, 2, 2) -12 d_(3, 3, 3, 2, 2, 1, 1) -60 d_(3, 3, 2, 2, 2, 2, 1)

R034: central alpha=(1, 1, 1) beta=(8, 2, 2) k=3
z = 1169597209246409322900122566209882808685729564668588478925756507480319523147056766676173704595461424293221149160
R = +30 d_(9, 3, 3) -15 d_(9, 3, 2, 1) +10 d_(9, 2, 2, 1, 1) -3 d_(8, 3, 3, 1) +3 d_(8, 3, 2, 1, 1) -3 d_(8, 2, 2, 1, 1, 1)

R035: central alpha=(1, 1, 1) beta=(5, 3, 2, 2) k=3
z = 296152620905881406349264629138712316844465835017542672414932480635237018451069777334117378630709259692612711760
R = +28 d_(6, 4, 3, 2) -28 d_(6, 4, 2, 2, 1) +7 d_(6, 3, 3, 3) -14 d_(6, 3, 3, 2, 1) +21 d_(6, 3, 2, 2, 1, 1) +4 d_(5, 4, 3, 3) -8 d_(5, 4, 3, 2, 1) +12 d_(5, 4, 2, 2, 1, 1) -2 d_(5, 3, 3, 3, 1) +6 d_(5, 3, 3, 2, 1, 1) -12 d_(5, 3, 2, 2, 1, 1, 1)

R036: central alpha=(1, 1, 1) beta=(4, 4, 2, 2) k=3
z = 756428987612522765286828530233630586974782392775197539797657647254813983477054228757830532857896566618864846800
R = +15 d_(5, 5, 3, 2) -15 d_(5, 5, 2, 2, 1) +3 d_(5, 4, 3, 3) -6 d_(5, 4, 3, 2, 1) +9 d_(5, 4, 2, 2, 1, 1) -1 d_(4, 4, 3, 3, 1) +3 d_(4, 4, 3, 2, 1, 1) -6 d_(4, 4, 2, 2, 1, 1, 1)

R037: central alpha=(1, 1, 1) beta=(3, 3, 3, 3) k=3
z = 4304178844489620952395368078285863527245530239747399132519358288731033586660721095088352357557196117532421766720
R = +30 d_(4, 4, 4, 3) -20 d_(4, 4, 3, 3, 1) +15 d_(4, 3, 3, 3, 1, 1) -12 d_(3, 3, 3, 3, 1, 1, 1)

R038: central alpha=(4,) beta=(4, 2, 2, 1, 1, 1) k=3
z = 15241715207638889071071021449115412659713043533487466399190891427620664005483554182941826695683123870829779200
R = +48 d_(8, 2, 2, 1, 1, 1) -6 d_(7, 3, 2, 1, 1, 1) -33 d_(7, 2, 2, 2, 1, 1) -69 d_(7, 2, 2, 1, 1, 1, 1) -2 d_(6, 4, 2, 1, 1, 1) +2 d_(6, 3, 2, 2, 1, 1) +6 d_(6, 3, 2, 1, 1, 1, 1) +51 d_(6, 2, 2, 2, 1, 1, 1) +5 d_(5, 4, 2, 2, 1, 1) +9 d_(5, 4, 2, 1, 1, 1, 1) +13 d_(5, 3, 2, 2, 1, 1, 1) -45 d_(4, 4, 2, 2, 1, 1, 1)

R039: central alpha=(3, 1) beta=(7, 1, 1, 1, 1) k=3
z = 68614297082124062974520052481024778134848926231996040764896140465847632842102690570821299943221752628630939456
R = +348 d_(10, 2, 1, 1, 1) -342 d_(10, 1, 1, 1, 1, 1) -4 d_(9, 3, 1, 1, 1) -72 d_(9, 2, 2, 1, 1) -388 d_(9, 2, 1, 1, 1, 1) -72 d_(9, 1, 1, 1, 1, 1, 1) -16 d_(8, 4, 1, 1, 1) +5 d_(8, 3, 2, 1, 1) +67 d_(8, 3, 1, 1, 1, 1) +71 d_(8, 2, 2, 1, 1, 1) +216 d_(8, 2, 1, 1, 1, 1, 1) +8 d_(7, 4, 1, 1, 1, 1) -7 d_(7, 3, 2, 1, 1, 1) -72 d_(7, 3, 1, 1, 1, 1, 1)

R040: central alpha=(2, 2) beta=(6, 5) k=3
z = 2913287926803652452033475734982156739757508701454564459158272776904322736160460409317094268117759359526950387120
R = +630 d_(8, 7) -7 d_(8, 6, 1) -42 d_(8, 5, 2) -45 d_(7, 7, 1) -15 d_(7, 6, 2) -117 d_(7, 6, 1, 1) +48 d_(7, 5, 2, 1) +30 d_(6, 6, 2, 1) -24 d_(6, 5, 2, 2)

R041: central alpha=(2, 2) beta=(3, 3, 3, 1, 1) k=3
z = 1719193560354434030614416392542160364915888968222332736601779016721360119392671801951707704227557807445063200
R = +96 d_(5, 5, 3, 1, 1) -24 d_(5, 4, 3, 2, 1) -96 d_(5, 4, 3, 1, 1, 1) +32 d_(5, 3, 3, 2, 1, 1) -24 d_(4, 4, 3, 2, 2) -24 d_(4, 4, 3, 2, 1, 1) +24 d_(4, 4, 3, 1, 1, 1, 1) +21 d_(4, 3, 3, 3, 2) +27 d_(4, 3, 3, 3, 1, 1) +81 d_(4, 3, 3, 2, 2, 1) +72 d_(4, 3, 3, 2, 1, 1, 1) -24 d_(3, 3, 3, 3, 3) -51 d_(3, 3, 3, 3, 2, 1) -216 d_(3, 3, 3, 2, 2, 1, 1)

R042: central alpha=(4,) beta=(7, 3, 1) k=4
z = 2881455325791655378899282166488447678780661793883683392242189733832853812261230998513171703911276122015561848464
R = +105 d_(11, 3, 1) -15 d_(10, 4, 1) -60 d_(10, 3, 2) -90 d_(10, 3, 1, 1) +10 d_(9, 4, 2) +15 d_(9, 4, 1, 1) +30 d_(9, 3, 3) +60 d_(9, 3, 2, 1) -6 d_(8, 4, 3) -12 d_(8, 4, 2, 1) -36 d_(8, 3, 3, 1) +9 d_(7, 4, 3, 1)

R043: central alpha=(4,) beta=(7, 2, 2) k=4
z = 1665209850986225593506694986818716290190861961405325527412561528382921347989167217475716245825798017102546720
R = +210 d_(11, 2, 2) -60 d_(10, 3, 2) -180 d_(10, 2, 2, 1) +10 d_(9, 4, 2) +60 d_(9, 3, 2, 1) +150 d_(9, 2, 2, 2) -12 d_(8, 4, 2, 1) -60 d_(8, 3, 2, 2) +15 d_(7, 4, 2, 2)

R044: central alpha=(4,) beta=(7, 2, 1, 1) k=4
z = 110138398181812169622433958028992175122994603264934547648609368963506192069322444328690458370672877466201844544
R = +105 d_(11, 2, 1, 1) -30 d_(10, 3, 1, 1) -60 d_(10, 2, 2, 1) -105 d_(10, 2, 1, 1, 1) +5 d_(9, 4, 1, 1) +20 d_(9, 3, 2, 1) +35 d_(9, 3, 1, 1, 1) +70 d_(9, 2, 2, 1, 1) -4 d_(8, 4, 2, 1) -7 d_(8, 4, 1, 1, 1) -28 d_(8, 3, 2, 1, 1) +7 d_(7, 4, 2, 1, 1)

R045: central alpha=(4,) beta=(5, 4, 1, 1) k=4
z = 2310937677406826278635389579488722965230408044164307267014573289591321092301502165168725072539252722220917232160
R = +5 d_(9, 4, 1, 1) -4 d_(8, 4, 2, 1) -7 d_(8, 4, 1, 1, 1) +3 d_(7, 4, 3, 1) +7 d_(7, 4, 2, 1, 1) -2 d_(6, 4, 4, 1) -7 d_(6, 4, 3, 1, 1) +7 d_(5, 4, 4, 1, 1)

R046: central alpha=(4,) beta=(5, 3, 3) k=4
z = 2887030139768840144618034633885338726289619761323630589899618136220121716389942403597408397613517324573652491440
R = +10 d_(9, 3, 3) -2 d_(8, 4, 3) -12 d_(8, 3, 3, 1) +3 d_(7, 4, 3, 1) +15 d_(7, 3, 3, 2) -5 d_(6, 4, 3, 2) -20 d_(6, 3, 3, 3) +10 d_(5, 4, 3, 3)

R047: central alpha=(4,) beta=(5, 3, 1, 1, 1) k=4
z = 226747220771804109170215380583996193892495477988896307368818653650233104564267399449166771832870667614124225480
R = +15 d_(9, 3, 1, 1, 1) -3 d_(8, 4, 1, 1, 1) -12 d_(8, 3, 2, 1, 1) -24 d_(8, 3, 1, 1, 1, 1) +3 d_(7, 4, 2, 1, 1) +6 d_(7, 4, 1, 1, 1, 1) +9 d_(7, 3, 3, 1, 1) +24 d_(7, 3, 2, 1, 1, 1) -3 d_(6, 4, 3, 1, 1) -8 d_(6, 4, 2, 1, 1, 1) -24 d_(6, 3, 3, 1, 1, 1) +12 d_(5, 4, 3, 1, 1, 1)

R048: central alpha=(4,) beta=(5, 2, 2, 1, 1) k=4
z = 22544259793493114902013857926096066976077771179492628456531165041372861561132646405336937931280185059271602560
R = +30 d_(9, 2, 2, 1, 1) -12 d_(8, 3, 2, 1, 1) -30 d_(8, 2, 2, 2, 1) -48 d_(8, 2, 2, 1, 1, 1) +3 d_(7, 4, 2, 1, 1) +15 d_(7, 3, 2, 2, 1) +24 d_(7, 3, 2, 1, 1, 1) +60 d_(7, 2, 2, 2, 1, 1) -5 d_(6, 4, 2, 2, 1) -8 d_(6, 4, 2, 1, 1, 1) -40 d_(6, 3, 2, 2, 1, 1) +20 d_(5, 4, 2, 2, 1, 1)

R049: central alpha=(4,) beta=(4, 3, 3, 1) k=4
z = 265581447997038110663395343682977406452159181989637348446807200672318098903178752877174152522671792927252480712
R = +24 d_(8, 3, 3, 1) -6 d_(7, 4, 3, 1) -30 d_(7, 3, 3, 2) -42 d_(7, 3, 3, 1, 1) +10 d_(6, 4, 3, 2) +14 d_(6, 4, 3, 1, 1) +40 d_(6, 3, 3, 3) +70 d_(6, 3, 3, 2, 1) -20 d_(5, 4, 3, 3) -35 d_(5, 4, 3, 2, 1) -140 d_(5, 3, 3, 3, 1) +140 d_(4, 4, 3, 3, 1)

R050: central alpha=(3, 1) beta=(3, 2, 2, 2, 2) k=4
z = 18372106029461831374839174194196334547405771200431226208057172292346413916398481423474424587637823909046635200
R = +8 d_(6, 3, 2, 2, 2) -16 d_(6, 2, 2, 2, 2, 1) -4 d_(5, 4, 2, 2, 2) -2 d_(5, 3, 3, 2, 2) -11 d_(5, 3, 2, 2, 2, 1) +56 d_(5, 2, 2, 2, 2, 2) +28 d_(5, 2, 2, 2, 2, 1, 1) +14 d_(4, 4, 2, 2, 2, 1) +7 d_(4, 3, 3, 2, 2, 1) -7 d_(4, 3, 2, 2, 2, 2) -14 d_(4, 3, 2, 2, 2, 1, 1) -84 d_(4, 2, 2, 2, 2, 2, 1) -42 d_(3, 3, 3, 2, 2, 2) +84 d_(3, 3, 2, 2, 2, 2, 1)

R051: central alpha=(2, 2) beta=(7, 2, 1, 1) k=4
z = 96211855916513003888288492056972535738810903821254753158508849762582294102066342222489530377993199387460766800
R = +56 d_(9, 4, 1, 1) -28 d_(9, 3, 2, 1) -112 d_(9, 3, 1, 1, 1) +112 d_(9, 2, 2, 1, 1) -7 d_(8, 4, 2, 1) -28 d_(8, 4, 1, 1, 1) +7 d_(8, 3, 2, 2) +28 d_(8, 3, 2, 1, 1) +70 d_(8, 3, 1, 1, 1, 1) -28 d_(8, 2, 2, 2, 1) -70 d_(8, 2, 2, 1, 1, 1) +4 d_(7, 4, 2, 1, 1) -4 d_(7, 3, 2, 2, 1) -10 d_(7, 3, 2, 1, 1, 1) +20 d_(7, 2, 2, 2, 1, 1)

R052: central alpha=(2, 2) beta=(3, 3, 3, 1, 1) k=4
z = 441627703231745829499879177541431864956071166096562127653760844754376464375707425067658286454788439773704917600
R = +12 d_(5, 5, 3, 1, 1) -8 d_(5, 4, 3, 2, 1) -20 d_(5, 4, 3, 1, 1, 1) +4 d_(5, 3, 3, 3, 1) +20 d_(5, 3, 3, 2, 1, 1) +6 d_(4, 4, 3, 2, 2) +10 d_(4, 4, 3, 2, 1, 1) +30 d_(4, 4, 3, 1, 1, 1, 1) -3 d_(4, 3, 3, 3, 2) -5 d_(4, 3, 3, 3, 1, 1) -15 d_(4, 3, 3, 2, 2, 1) -30 d_(4, 3, 3, 2, 1, 1, 1) +2 d_(3, 3, 3, 3, 3) +5 d_(3, 3, 3, 3, 2, 1) +30 d_(3, 3, 3, 2, 2, 1, 1)

R053: central alpha=(5,) beta=(6, 1, 1, 1, 1) k=3
z = 46746325460566848424236691654038596453403460581949771931274080061670611648466494879067207191710953754315320800
R = +300 d_(11, 1, 1, 1, 1) -150 d_(10, 1, 1, 1, 1, 1) -24 d_(9, 3, 1, 1, 1) -42 d_(9, 2, 1, 1, 1, 1) +28 d_(8, 3, 1, 1, 1, 1) +6 d_(7, 5, 1, 1, 1) +18 d_(7, 4, 1, 1, 1, 1) -27 d_(6, 5, 1, 1, 1, 1)

R054: central alpha=(5,) beta=(5, 1, 1, 1, 1, 1) k=3
z = 651974733644027736458992865414629404005106278295443759433220525406755854011251146126958689571586699323118993760
R = +50 d_(10, 1, 1, 1, 1, 1) -4 d_(9, 2, 1, 1, 1, 1) -40 d_(9, 1, 1, 1, 1, 1, 1) -4 d_(8, 3, 1, 1, 1, 1) -4 d_(8, 2, 1, 1, 1, 1, 1) +1 d_(7, 4, 1, 1, 1, 1) +9 d_(7, 3, 1, 1, 1, 1, 1) +1 d_(6, 5, 1, 1, 1, 1) +1 d_(6, 4, 1, 1, 1, 1, 1) -10 d_(5, 5, 1, 1, 1, 1, 1)

R055: central alpha=(4, 1) beta=(6, 1, 1, 1, 1) k=3
z = 10012921436660159207730218931981296202102997044325835812863296898139185329415319844999236522779301882833432960
R = +675 d_(10, 2, 1, 1, 1) -300 d_(10, 1, 1, 1, 1, 1) +59 d_(9, 3, 1, 1, 1) -75 d_(9, 2, 2, 1, 1) -643 d_(9, 2, 1, 1, 1, 1) -300 d_(9, 1, 1, 1, 1, 1, 1) -25 d_(8, 4, 1, 1, 1) -40 d_(8, 3, 2, 1, 1) -104 d_(8, 3, 1, 1, 1, 1) -10 d_(8, 2, 2, 1, 1, 1) +180 d_(8, 2, 1, 1, 1, 1, 1) -21 d_(7, 5, 1, 1, 1) +15 d_(7, 4, 2, 1, 1) +101 d_(7, 4, 1, 1, 1, 1) +92 d_(7, 3, 2, 1, 1, 1) +162 d_(7, 3, 1, 1, 1, 1, 1) +12 d_(6, 5, 1, 1, 1, 1) -40 d_(6, 4, 2, 1, 1, 1) -150 d_(6, 4, 1, 1, 1, 1, 1)

R056: central alpha=(3, 2) beta=(5, 5) k=3
z = 583871355515040392986805144387916765244625030005891701153999130776808899508507243908342004863039219258857531170
R = +540 d_(8, 7) +64 d_(8, 6, 1) -21 d_(8, 5, 2) -48 d_(7, 6, 2) -96 d_(7, 6, 1, 1) -6 d_(7, 5, 2, 1) -12 d_(6, 6, 2, 1) +36 d_(6, 5, 3, 1) +42 d_(6, 5, 2, 2) -48 d_(5, 5, 3, 2)

R057: central alpha=(5,) beta=(9, 1) k=4
z = 1960374172808226294770625175384017751892072031182021619652161557827073817667436280673098531284045315882100052650
R = +1260 d_(14, 1) -196 d_(13, 2) -420 d_(13, 1, 1) -42 d_(12, 3) +39 d_(11, 4) +75 d_(11, 3, 1) -10 d_(10, 5) -45 d_(10, 4, 1) +12 d_(9, 5, 1)

R058: central alpha=(5,) beta=(8, 1, 1) k=4
z = 2202417811666269893720728858528250299843378160494750483018375960381090262452251074521493021426341106751485603550
R = +700 d_(13, 1, 1) -140 d_(12, 2, 1) -350 d_(12, 1, 1, 1) -15 d_(11, 3, 1) +35 d_(11, 2, 1, 1) +25 d_(10, 4, 1) +50 d_(10, 3, 1, 1) -8 d_(9, 5, 1) -41 d_(9, 4, 1, 1) +14 d_(8, 5, 1, 1)

R059: central alpha=(5,) beta=(7, 1, 1, 1) k=4
z = 4205714115209122878827500331448100414258416325182697502857376781345699606161289777227870975382661142473443868848
R = +175 d_(12, 1, 1, 1) -45 d_(11, 2, 1, 1) -125 d_(11, 1, 1, 1, 1) +25 d_(10, 2, 1, 1, 1) +7 d_(9, 4, 1, 1) +13 d_(9, 3, 1, 1, 1) -3 d_(8, 5, 1, 1) -17 d_(8, 4, 1, 1, 1) +8 d_(7, 5, 1, 1, 1)

R060: central alpha=(5,) beta=(6, 3, 1) k=4
z = 664212523735057671202366673581405774736338625974648050731406874701770583544694409540757297761718137163536569676
R = +450 d_(11, 3, 1) -30 d_(10, 4, 1) -210 d_(10, 3, 2) -330 d_(10, 3, 1, 1) -12 d_(9, 5, 1) +6 d_(9, 4, 1, 1) +60 d_(9, 3, 3) +150 d_(9, 3, 2, 1) +15 d_(8, 5, 2) +21 d_(8, 5, 1, 1) +24 d_(8, 4, 3) +33 d_(8, 4, 2, 1) -6 d_(8, 3, 3, 1) -20 d_(7, 5, 3) -35 d_(7, 5, 2, 1) -86 d_(7, 4, 3, 1) +70 d_(6, 5, 3, 1)

R061: central alpha=(5,) beta=(6, 2, 1, 1) k=4
z = 293781655561411676882255463831789998074280225005857352067160016276964897972996903639978662828846307460424682592
R = +150 d_(11, 2, 1, 1) -30 d_(10, 3, 1, 1) -70 d_(10, 2, 2, 1) -130 d_(10, 2, 1, 1, 1) -2 d_(9, 4, 1, 1) +10 d_(9, 3, 2, 1) +22 d_(9, 3, 1, 1, 1) +60 d_(9, 2, 2, 1, 1) +3 d_(8, 5, 1, 1) +7 d_(8, 4, 2, 1) +10 d_(8, 4, 1, 1, 1) +4 d_(8, 3, 2, 1, 1) -5 d_(7, 5, 2, 1) -8 d_(7, 5, 1, 1, 1) -26 d_(7, 4, 2, 1, 1) +20 d_(6, 5, 2, 1, 1)

R062: central alpha=(5,) beta=(5, 3, 1, 1) k=4
z = 586297830828700628796642987744816118180986583402460603870897759954164152890957030696099554182088096192102338876
R = +150 d_(10, 3, 1, 1) -18 d_(9, 4, 1, 1) -90 d_(9, 3, 2, 1) -162 d_(9, 3, 1, 1, 1) -3 d_(8, 5, 1, 1) +9 d_(8, 4, 2, 1) +18 d_(8, 4, 1, 1, 1) +42 d_(8, 3, 3, 1) +108 d_(8, 3, 2, 1, 1) +5 d_(7, 5, 2, 1) +8 d_(7, 5, 1, 1, 1) +2 d_(7, 4, 3, 1) -2 d_(7, 4, 2, 1, 1) -46 d_(7, 3, 3, 1, 1) -10 d_(6, 5, 3, 1) -20 d_(6, 5, 2, 1, 1) -38 d_(6, 4, 3, 1, 1) +80 d_(5, 5, 3, 1, 1)

R063: central alpha=(3, 2) beta=(4, 4, 1, 1) k=4
z = 163473745987845990481946805801361449068114121432670434383876803408352371833978108048240022963662775314866286240
R = +420 d_(7, 6, 1, 1) -30 d_(7, 5, 2, 1) -300 d_(7, 5, 1, 1, 1) +40 d_(7, 4, 2, 1, 1) -105 d_(6, 6, 2, 1) -330 d_(6, 6, 1, 1, 1) -15 d_(6, 5, 3, 1) -42 d_(6, 5, 2, 2) +16 d_(6, 5, 2, 1, 1) +129 d_(6, 5, 1, 1, 1, 1) +34 d_(6, 4, 3, 1, 1) +56 d_(6, 4, 2, 2, 1) +29 d_(6, 4, 2, 1, 1, 1) +48 d_(5, 5, 3, 2) +66 d_(5, 5, 3, 1, 1) +120 d_(5, 5, 2, 2, 1) +111 d_(5, 5, 2, 1, 1, 1) -99 d_(5, 4, 3, 2, 1) -126 d_(5, 4, 3, 1, 1, 1) -104 d_(5, 4, 2, 2, 1, 1) +144 d_(4, 4, 3, 2, 1, 1)

R064: central alpha=(5,) beta=(7, 3) k=5
z = 119823704005950695420179534084097884349294676284975538409653843387761923354119904618441042853090997659230637505
R = +210 d_(12, 3) -60 d_(11, 4) -180 d_(11, 3, 1) +10 d_(10, 5) +60 d_(10, 4, 1) +150 d_(10, 3, 2) -12 d_(9, 5, 1) -60 d_(9, 4, 2) -120 d_(9, 3, 3) +15 d_(8, 5, 2) +60 d_(8, 4, 3) -20 d_(7, 5, 3)

R065: central alpha=(5,) beta=(6, 2, 2) k=5
z = 33050701121014640102387464936666309140867997775273335245559200250487024620661774055544072753803202570447387200
R = +60 d_(11, 2, 2) -30 d_(10, 3, 2) -70 d_(10, 2, 2, 1) +12 d_(9, 4, 2) +42 d_(9, 3, 2, 1) +84 d_(9, 2, 2, 2) -3 d_(8, 5, 2) -21 d_(8, 4, 2, 1) -63 d_(8, 3, 2, 2) +7 d_(7, 5, 2, 1) +42 d_(7, 4, 2, 2) -21 d_(6, 5, 2, 2)

R066: central alpha=(4, 1) beta=(8, 1, 1) k=5
z = 425527666152718952261092686583270642687943338757078748186564273791248918275951138420641111955378368335659297840
R = +315 d_(12, 2, 1) -630 d_(12, 1, 1, 1) -135 d_(11, 3, 1) -105 d_(11, 2, 2) +65 d_(11, 2, 1, 1) +420 d_(11, 1, 1, 1, 1) +45 d_(10, 4, 1) +30 d_(10, 3, 2) -10 d_(10, 3, 1, 1) +90 d_(10, 2, 2, 1) -180 d_(10, 2, 1, 1, 1) -9 d_(9, 5, 1) -5 d_(9, 4, 2) -3 d_(9, 4, 1, 1) -30 d_(9, 3, 2, 1) +60 d_(9, 3, 1, 1, 1) +2 d_(8, 5, 1, 1) +6 d_(8, 4, 2, 1) -12 d_(8, 4, 1, 1, 1)

R067: central alpha=(4, 1) beta=(7, 1, 1, 1) k=5
z = 30077994580386884552249624324402945235895292904735232949222346246747180381112836756296914074580306280756501808
R = +160 d_(11, 2, 1, 1) -480 d_(11, 1, 1, 1, 1) -80 d_(10, 3, 1, 1) -60 d_(10, 2, 2, 1) +90 d_(10, 2, 1, 1, 1) +420 d_(10, 1, 1, 1, 1, 1) +32 d_(9, 4, 1, 1) +20 d_(9, 3, 2, 1) -22 d_(9, 3, 1, 1, 1) +70 d_(9, 2, 2, 1, 1) -210 d_(9, 2, 1, 1, 1, 1) -8 d_(8, 5, 1, 1) -4 d_(8, 4, 2, 1) -1 d_(8, 4, 1, 1, 1) -28 d_(8, 3, 2, 1, 1) +84 d_(8, 3, 1, 1, 1, 1) +3 d_(7, 5, 1, 1, 1) +7 d_(7, 4, 2, 1, 1) -21 d_(7, 4, 1, 1, 1, 1)

R068: central alpha=(4, 1) beta=(5, 5) k=5
z = 558533054864524233602202282276404209162952504262607138884702826901097030135747094982018935051785678556396578552
R = +60 d_(9, 6) -12 d_(9, 5, 1) -60 d_(8, 6, 1) +15 d_(8, 5, 2) +10 d_(8, 5, 1, 1) +60 d_(7, 6, 2) -20 d_(7, 5, 3) -10 d_(7, 5, 2, 1) -60 d_(6, 6, 3) +30 d_(6, 5, 4) +10 d_(6, 5, 3, 1) -10 d_(5, 5, 4, 1)

R069: central alpha=(4, 1) beta=(4, 3, 2, 1) k=5
z = 5442569178587936438822617921072867643560269419144172570107205801887062333212226155613197496617970731670597440
R = +90 d_(8, 4, 2, 1) +30 d_(8, 3, 3, 1) -30 d_(8, 3, 2, 2) -90 d_(8, 3, 2, 1, 1) -30 d_(7, 5, 2, 1) -72 d_(7, 4, 3, 1) -100 d_(7, 4, 2, 2) -128 d_(7, 4, 2, 1, 1) +36 d_(7, 3, 3, 1, 1) +200 d_(7, 3, 2, 2, 1) +126 d_(7, 3, 2, 1, 1, 1) +30 d_(6, 5, 3, 1) +50 d_(6, 5, 2, 2) +70 d_(6, 5, 2, 1, 1) +18 d_(6, 4, 4, 1) +95 d_(6, 4, 3, 2) +121 d_(6, 4, 3, 1, 1) +155 d_(6, 4, 2, 2, 1) -42 d_(6, 4, 2, 1, 1, 1) +30 d_(6, 3, 3, 3) -235 d_(6, 3, 3, 2, 1) -126 d_(6, 3, 3, 1, 1, 1) -70 d_(6, 3, 2, 2, 2) -210 d_(6, 3, 2, 2, 1, 1) -75 d_(5, 5, 3, 2) -105 d_(5, 5, 3, 1, 1) -175 d_(5, 5, 2, 2, 1) -45 d_(5, 4, 4, 2) -63 d_(5, 4, 4, 1, 1) -15 d_(5, 4, 3, 3) -40 d_(5, 4, 3, 2, 1) +63 d_(5, 4, 3, 1, 1, 1) +35 d_(5, 4, 2, 2, 2) +105 d_(5, 4, 2, 2, 1, 1) -105 d_(5, 3, 3, 3, 1) +105 d_(5, 3, 3, 2, 2) +315 d_(5, 3, 3, 2, 1, 1) +315 d_(4, 4, 4, 2, 1) +105 d_(4, 4, 3, 3, 1) -105 d_(4, 4, 3, 2, 2) -315 d_(4, 4, 3, 2, 1, 1)

R070: central alpha=(3, 2) beta=(4, 4, 1, 1) k=5
z = 17233650396422221476903874865661365839757143997192709750912705206382261765844191003170797313299907208706519185
R = +480 d_(7, 6, 1, 1) -120 d_(7, 5, 2, 1) -480 d_(7, 5, 1, 1, 1) +160 d_(7, 4, 2, 1, 1) -360 d_(6, 6, 2, 1) -720 d_(6, 6, 1, 1, 1) +120 d_(6, 5, 3, 1) +72 d_(6, 5, 2, 2) +664 d_(6, 5, 2, 1, 1) +576 d_(6, 5, 1, 1, 1, 1) -272 d_(6, 4, 3, 1, 1) -96 d_(6, 4, 2, 2, 1) -192 d_(6, 4, 2, 1, 1, 1) -48 d_(5, 5, 3, 2) -96 d_(5, 5, 3, 1, 1) -144 d_(5, 5, 2, 2, 1) -576 d_(5, 5, 2, 1, 1, 1) +99 d_(5, 4, 3, 2, 1) +288 d_(5, 4, 3, 1, 1, 1) +144 d_(5, 4, 2, 2, 1, 1) -144 d_(4, 4, 3, 2, 1, 1)

R071: central alpha=(3, 2) beta=(4, 3, 1, 1, 1) k=5
z = 497914020654662116596091268305554612332750323459874018337886082902896205219904745760545672010714678163260320
R = +240 d_(7, 5, 1, 1, 1) -80 d_(7, 4, 2, 1, 1) -400 d_(7, 4, 1, 1, 1, 1) +200 d_(7, 3, 2, 1, 1, 1) -152 d_(6, 5, 2, 1, 1) -376 d_(6, 5, 1, 1, 1, 1) +64 d_(6, 4, 3, 1, 1) +48 d_(6, 4, 2, 2, 1) +464 d_(6, 4, 2, 1, 1, 1) +560 d_(6, 4, 1, 1, 1, 1, 1) -328 d_(6, 3, 3, 1, 1, 1) -120 d_(6, 3, 2, 2, 1, 1) -280 d_(6, 3, 2, 1, 1, 1, 1) +48 d_(5, 5, 3, 1, 1) +248 d_(5, 5, 2, 1, 1, 1) -27 d_(5, 4, 3, 2, 1) -196 d_(5, 4, 3, 1, 1, 1) -102 d_(5, 4, 2, 2, 1, 1) -490 d_(5, 4, 2, 1, 1, 1, 1) +120 d_(5, 3, 3, 2, 1, 1) +420 d_(5, 3, 3, 1, 1, 1, 1) +210 d_(5, 3, 2, 2, 1, 1, 1) +54 d_(4, 4, 3, 2, 1, 1) +210 d_(4, 4, 3, 1, 1, 1, 1) -210 d_(4, 3, 3, 2, 1, 1, 1)

R072: central alpha=(3, 2) beta=(4, 2, 2, 1, 1) k=5
z = 622804609516940530611917147699934036147183574242295346137550260167134952863134512243330855618865475142212400
R = +80 d_(7, 4, 2, 1, 1) -80 d_(7, 3, 2, 2, 1) -200 d_(7, 3, 2, 1, 1, 1) +400 d_(7, 2, 2, 2, 1, 1) -40 d_(6, 5, 2, 1, 1) -16 d_(6, 4, 3, 1, 1) -16 d_(6, 4, 2, 2, 1) -16 d_(6, 4, 2, 1, 1, 1) +16 d_(6, 3, 3, 2, 1) +40 d_(6, 3, 3, 1, 1, 1) +64 d_(6, 3, 2, 2, 2) +96 d_(6, 3, 2, 2, 1, 1) +280 d_(6, 3, 2, 1, 1, 1, 1) -320 d_(6, 2, 2, 2, 2, 1) -560 d_(6, 2, 2, 2, 1, 1, 1) +16 d_(5, 5, 2, 2, 1) +40 d_(5, 5, 2, 1, 1, 1) +19 d_(5, 4, 3, 2, 1) +34 d_(5, 4, 3, 1, 1, 1) -32 d_(5, 4, 2, 2, 2) +24 d_(5, 4, 2, 2, 1, 1) -140 d_(5, 4, 2, 1, 1, 1, 1) -16 d_(5, 3, 3, 2, 2) -114 d_(5, 3, 3, 2, 1, 1) -70 d_(5, 3, 3, 1, 1, 1, 1) +24 d_(5, 3, 2, 2, 2, 1) +560 d_(5, 2, 2, 2, 2, 1, 1) -44 d_(4, 4, 3, 2, 1, 1) +40 d_(4, 4, 2, 2, 2, 1) +70 d_(4, 4, 2, 2, 1, 1, 1) +56 d_(4, 3, 3, 2, 2, 1) +140 d_(4, 3, 3, 2, 1, 1, 1) -280 d_(4, 3, 2, 2, 2, 1, 1)

R073: central alpha=(3, 1, 1) beta=(4, 2, 2, 2) k=5
z = 1889075989778821832912000422675087984478612182356842427261593062993898904763776757939729160447648535630479520
R = +216 d_(7, 3, 3, 2) -216 d_(7, 3, 2, 2, 1) +216 d_(7, 2, 2, 2, 1, 1) -72 d_(6, 4, 3, 2) +72 d_(6, 4, 2, 2, 1) -36 d_(6, 3, 3, 3) -216 d_(6, 3, 3, 2, 1) +432 d_(6, 3, 2, 2, 2) +164 d_(6, 3, 2, 2, 1, 1) -432 d_(6, 2, 2, 2, 2, 1) -216 d_(6, 2, 2, 2, 1, 1, 1) +117 d_(5, 4, 3, 2, 1) -216 d_(5, 4, 2, 2, 2) -88 d_(5, 4, 2, 2, 1, 1) +72 d_(5, 3, 3, 3, 1) +72 d_(5, 3, 3, 2, 2) -72 d_(5, 3, 3, 2, 1, 1) -108 d_(5, 3, 2, 2, 2, 1) +72 d_(5, 3, 2, 2, 1, 1, 1) +360 d_(5, 2, 2, 2, 2, 1, 1) -72 d_(4, 4, 3, 2, 2) +108 d_(4, 4, 2, 2, 2, 1) -180 d_(4, 3, 3, 3, 2) +180 d_(4, 3, 3, 2, 2, 1) -180 d_(4, 3, 2, 2, 2, 1, 1)

R074: central alpha=(3, 1, 1) beta=(3, 3, 2, 2) k=5
z = 19772848219344515915878990658934741456455061182269329400239124922505548963324284515715254587353149574763228640
R = +80 d_(6, 4, 3, 2) -80 d_(6, 4, 2, 2, 1) +20 d_(6, 3, 3, 3) -40 d_(6, 3, 3, 2, 1) +60 d_(6, 3, 2, 2, 1, 1) -80 d_(5, 4, 4, 2) -40 d_(5, 4, 3, 3) -85 d_(5, 4, 3, 2, 1) +240 d_(5, 4, 2, 2, 2) +120 d_(5, 4, 2, 2, 1, 1) +8 d_(5, 3, 3, 3, 1) +120 d_(5, 3, 3, 2, 2) -8 d_(5, 3, 3, 2, 1, 1) -180 d_(5, 3, 2, 2, 2, 1) -72 d_(5, 3, 2, 2, 1, 1, 1) +240 d_(4, 4, 4, 2, 1) +120 d_(4, 4, 3, 3, 1) -120 d_(4, 4, 3, 2, 2) -120 d_(4, 4, 3, 2, 1, 1) -300 d_(4, 4, 2, 2, 2, 1) -300 d_(4, 3, 3, 3, 2) -48 d_(4, 3, 3, 3, 1, 1) +300 d_(4, 3, 3, 2, 2, 1) +72 d_(4, 3, 3, 2, 1, 1, 1) +180 d_(4, 3, 2, 2, 2, 1, 1) -120 d_(3, 3, 3, 3, 3) +240 d_(3, 3, 3, 3, 2, 1) -360 d_(3, 3, 3, 2, 2, 1, 1)

R075: central alpha=(2, 2, 1) beta=(4, 3, 2, 1) k=5
z = 27627195106225816309070936808371302539454018171896302660903121855529185578805980983192500774792554913461577600
R = +48 d_(6, 5, 3, 1) -48 d_(6, 5, 2, 1, 1) -27 d_(6, 4, 3, 2) -57 d_(6, 4, 3, 1, 1) +57 d_(6, 4, 2, 2, 1) +48 d_(6, 4, 2, 1, 1, 1) +27 d_(6, 3, 3, 2, 1) -48 d_(6, 3, 2, 2, 1, 1) -15 d_(5, 5, 3, 2) -33 d_(5, 5, 3, 1, 1) +29 d_(5, 5, 2, 2, 1) +32 d_(5, 5, 2, 1, 1, 1) +32 d_(5, 4, 3, 2, 1) +53 d_(5, 4, 3, 1, 1, 1) -37 d_(5, 4, 2, 2, 2) -73 d_(5, 4, 2, 2, 1, 1) -40 d_(5, 4, 2, 1, 1, 1, 1) -15 d_(5, 3, 3, 2, 2) -23 d_(5, 3, 3, 2, 1, 1) +40 d_(5, 3, 2, 2, 2, 1) +40 d_(5, 3, 2, 2, 1, 1, 1) -9 d_(4, 4, 3, 2, 2) -13 d_(4, 4, 3, 2, 1, 1) +26 d_(4, 4, 2, 2, 2, 1) +20 d_(4, 4, 2, 2, 1, 1, 1) +12 d_(4, 3, 3, 2, 2, 1) -30 d_(4, 3, 2, 2, 2, 1, 1)

R076: central alpha=(2, 2, 1) beta=(3, 3, 3, 1) k=5
z = 77290972063847733660186835841152442986930299532012171045308427949813881370464513112267139865926074625433717620
R = +120 d_(5, 5, 4, 1) -80 d_(5, 5, 3, 1, 1) -80 d_(5, 4, 4, 2) -160 d_(5, 4, 4, 1, 1) +95 d_(5, 4, 3, 2, 1) +80 d_(5, 4, 3, 1, 1, 1) -80 d_(5, 3, 3, 2, 1, 1) +80 d_(4, 4, 4, 2, 1) +200 d_(4, 4, 4, 1, 1, 1) -80 d_(4, 4, 3, 2, 2) -112 d_(4, 4, 3, 2, 1, 1) -80 d_(4, 4, 3, 1, 1, 1, 1) +88 d_(4, 3, 3, 2, 2, 1) +80 d_(4, 3, 3, 2, 1, 1, 1) -80 d_(3, 3, 3, 2, 2, 1, 1)

R077: central alpha=(6,) beta=(7, 1, 1) k=2
z = 13112840840082472663517834267029815436149817923005777345741551204511856087653628648471772253095506833823043936800
R = +315 d_(13, 1, 1) +135 d_(12, 2, 1) +90 d_(12, 1, 1, 1) +40 d_(11, 3, 1) +2 d_(11, 2, 1, 1) -25 d_(10, 3, 1, 1) -9 d_(9, 5, 1) -18 d_(9, 4, 1, 1) -5 d_(8, 6, 1) +2 d_(8, 5, 1, 1) +20 d_(7, 6, 1, 1)

R078: central alpha=(3, 3) beta=(5, 4) k=3
z = 432015114437259330626572110532047089462002993364926644552366367894659637830568332566794346990115999711792136470
R = +756 d_(8, 7) +140 d_(8, 6, 1) -15 d_(8, 5, 2) -24 d_(8, 4, 3) +72 d_(7, 7, 1) -36 d_(7, 6, 2) -120 d_(7, 6, 1, 1) -8 d_(7, 5, 3) -50 d_(7, 5, 2, 1) +16 d_(7, 4, 3, 1) -36 d_(6, 6, 2, 1) +28 d_(6, 5, 3, 1) +30 d_(6, 5, 2, 2) +48 d_(6, 4, 3, 2) -96 d_(5, 4, 3, 3)

R079: central alpha=(3, 3) beta=(3, 3, 3) k=3
z = 1707879442005698978961367862153710080407135649360294479389455712751519227141025157328215646797698025056404975980
R = +408 d_(6, 6, 3) -68 d_(6, 5, 3, 1) -48 d_(6, 4, 3, 2) +48 d_(6, 3, 3, 3) -104 d_(5, 5, 3, 1, 1) +51 d_(5, 4, 3, 2, 1) +120 d_(5, 3, 3, 3, 1) +16 d_(4, 4, 3, 2, 2) -104 d_(4, 3, 3, 3, 2) -624 d_(3, 3, 3, 3, 3)

R080: central alpha=(3, 3) beta=(3, 3, 1, 1, 1) k=3
z = 85138809014298647493325933775065808699013383819884379433999393320519699434781755229036261881755537144460221000
R = +408 d_(6, 6, 1, 1, 1) +68 d_(6, 5, 2, 1, 1) -204 d_(6, 5, 1, 1, 1, 1) +8 d_(6, 4, 3, 1, 1) -92 d_(6, 4, 2, 1, 1, 1) -6 d_(6, 3, 3, 1, 1, 1) -72 d_(5, 5, 2, 2, 1) -132 d_(5, 5, 2, 1, 1, 1) -72 d_(5, 5, 1, 1, 1, 1, 1) -27 d_(5, 4, 3, 2, 1) -42 d_(5, 4, 3, 1, 1, 1) +48 d_(5, 4, 2, 2, 1, 1) +84 d_(5, 4, 2, 1, 1, 1, 1) +106 d_(5, 3, 3, 2, 1, 1) +126 d_(5, 3, 3, 1, 1, 1, 1) +8 d_(4, 4, 3, 3, 1) +36 d_(4, 4, 3, 2, 1, 1) +18 d_(4, 4, 2, 2, 1, 1, 1) +36 d_(4, 3, 3, 3, 1, 1) -84 d_(4, 3, 3, 2, 1, 1, 1) -504 d_(3, 3, 3, 3, 1, 1, 1)

R081: central alpha=(6,) beta=(7, 1, 1) k=4
z = 8212996582409907199253425217143435995331068424128160416766842389776483639621362657260010197410145236899387794994
R = +525 d_(13, 1, 1) -75 d_(12, 2, 1) -225 d_(12, 1, 1, 1) -25 d_(11, 3, 1) -5 d_(11, 2, 1, 1) +15 d_(10, 4, 1) +40 d_(10, 3, 1, 1) +3 d_(9, 5, 1) -9 d_(9, 4, 1, 1) -5 d_(8, 6, 1) -19 d_(8, 5, 1, 1) +20 d_(7, 6, 1, 1)

R082: central alpha=(6,) beta=(6, 1, 1, 1) k=4
z = 549062634975746202360209520377707296476989674028597292471285568184974885895584699364478031375320859980024804880
R = +450 d_(12, 1, 1, 1) -100 d_(11, 2, 1, 1) -300 d_(11, 1, 1, 1, 1) -10 d_(10, 3, 1, 1) +40 d_(10, 2, 1, 1, 1) +18 d_(9, 4, 1, 1) +42 d_(9, 3, 1, 1, 1) -2 d_(8, 5, 1, 1) -30 d_(8, 4, 1, 1, 1) -5 d_(7, 6, 1, 1) -13 d_(7, 5, 1, 1, 1) +45 d_(6, 6, 1, 1, 1)

R083: central alpha=(6,) beta=(8, 1) k=5
z = 4458318250788143231543832138037438610668939505615004779717583643016511425486275185626821197724865759677070080716
R = +1680 d_(14, 1) -595 d_(13, 2) -945 d_(13, 1, 1) +120 d_(12, 3) +315 d_(12, 2, 1) +30 d_(11, 4) -10 d_(11, 3, 1) -40 d_(10, 5) -90 d_(10, 4, 1) +15 d_(9, 6) +81 d_(9, 5, 1) -35 d_(8, 6, 1)

R084: central alpha=(6,) beta=(7, 2) k=5
z = 761962422338242844532924311659287997046008243026930542515353762322903928653203396009963333956257419179462499383
R = +1260 d_(13, 2) -390 d_(12, 3) -840 d_(12, 2, 1) +60 d_(11, 4) +260 d_(11, 3, 1) +480 d_(11, 2, 2) +18 d_(10, 5) -12 d_(10, 4, 1) -114 d_(10, 3, 2) -12 d_(9, 6) -48 d_(9, 5, 1) -72 d_(9, 4, 2) +28 d_(8, 6, 1) +123 d_(8, 5, 2) -84 d_(7, 6, 2)

R085: central alpha=(6,) beta=(6, 3) k=5
z = 2378202766966893138826097208470486847973447873764627303458930775893991802662997192585688384107472024549043536040
R = +360 d_(12, 3) -90 d_(11, 4) -290 d_(11, 3, 1) +8 d_(10, 5) +78 d_(10, 4, 1) +216 d_(10, 3, 2) +3 d_(9, 6) -3 d_(9, 5, 1) -57 d_(9, 4, 2) -135 d_(9, 3, 3) -7 d_(8, 6, 1) -12 d_(8, 5, 2) +15 d_(8, 4, 3) +21 d_(7, 6, 2) +65 d_(7, 5, 3) -105 d_(6, 6, 3)

R086: central alpha=(3, 3) beta=(3, 3, 3) k=5
z = 156578737118057511141549888495319490646857541877253071504860377565554832810076794244882841616696854896766123610
R = +144 d_(6, 6, 3) -136 d_(6, 5, 3, 1) +144 d_(6, 4, 3, 2) -216 d_(6, 3, 3, 3) +80 d_(5, 5, 3, 1, 1) -45 d_(5, 4, 3, 2, 1) -80 d_(4, 4, 3, 2, 2) +280 d_(4, 3, 3, 3, 2) -720 d_(3, 3, 3, 3, 3)

R087: central alpha=(3, 3) beta=(3, 3, 1, 1, 1) k=5
z = 56563652080078799614653358418955965388998163416201831883095378520773897440464857118388322030709143907450098520
R = +144 d_(6, 6, 1, 1, 1) -56 d_(6, 5, 2, 1, 1) -216 d_(6, 5, 1, 1, 1, 1) +16 d_(6, 4, 3, 1, 1) +136 d_(6, 4, 2, 1, 1, 1) -96 d_(6, 3, 3, 1, 1, 1) +24 d_(5, 5, 2, 1, 1, 1) +224 d_(5, 5, 1, 1, 1, 1, 1) +9 d_(5, 4, 3, 2, 1) +6 d_(5, 4, 3, 1, 1, 1) +24 d_(5, 4, 2, 2, 1, 1) -84 d_(5, 4, 2, 1, 1, 1, 1) -54 d_(5, 3, 3, 2, 1, 1) +14 d_(5, 3, 3, 1, 1, 1, 1) -16 d_(4, 4, 3, 3, 1) -36 d_(4, 4, 3, 2, 1, 1) -126 d_(4, 4, 2, 2, 1, 1, 1) +96 d_(4, 3, 3, 3, 1, 1) +196 d_(4, 3, 3, 2, 1, 1, 1) -336 d_(3, 3, 3, 3, 1, 1, 1)

R088: central alpha=(5, 1) beta=(8, 1) k=6
z = 4698008499898594152754619344636921349314461007234993881722165511420592632684388210562307181926275434406063935722
R = +315 d_(13, 2) -315 d_(13, 1, 1) -180 d_(12, 3) -15 d_(12, 2, 1) +210 d_(12, 1, 1, 1) +90 d_(11, 4) +10 d_(11, 3, 1) +120 d_(11, 2, 2) -120 d_(11, 2, 1, 1) -36 d_(10, 5) -6 d_(10, 4, 1) -60 d_(10, 3, 2) +60 d_(10, 3, 1, 1) +9 d_(9, 6) +3 d_(9, 5, 1) +24 d_(9, 4, 2) -24 d_(9, 4, 1, 1) -1 d_(8, 6, 1) -6 d_(8, 5, 2) +6 d_(8, 5, 1, 1)

R089: central alpha=(5, 1) beta=(7, 2) k=6
z = 161931094773017791511365284628050420810455192630379723934669448187526425486733997895189262101537593679897080288
R = +480 d_(12, 3) -240 d_(12, 2, 1) -240 d_(11, 4) -260 d_(11, 3, 1) +240 d_(11, 2, 2) +180 d_(11, 2, 1, 1) +96 d_(10, 5) +156 d_(10, 4, 1) +114 d_(10, 3, 2) -90 d_(10, 3, 1, 1) -150 d_(10, 2, 2, 1) -24 d_(9, 6) -78 d_(9, 5, 1) -54 d_(9, 4, 2) +36 d_(9, 4, 1, 1) -180 d_(9, 3, 3) +90 d_(9, 3, 2, 1) +26 d_(8, 6, 1) +21 d_(8, 5, 2) -9 d_(8, 5, 1, 1) +90 d_(8, 4, 3) -45 d_(8, 4, 2, 1) -6 d_(7, 6, 2) -30 d_(7, 5, 3) +15 d_(7, 5, 2, 1)

R090: central alpha=(5, 1) beta=(7, 1, 1) k=6
z = 154964783277089673509249635881562004087154421058638050263081003521202440115078300325285438396591822311730388008
R = +120 d_(12, 2, 1) -240 d_(12, 1, 1, 1) -80 d_(11, 3, 1) -60 d_(11, 2, 2) +50 d_(11, 2, 1, 1) +210 d_(11, 1, 1, 1, 1) +48 d_(10, 4, 1) +30 d_(10, 3, 2) -22 d_(10, 3, 1, 1) +70 d_(10, 2, 2, 1) -140 d_(10, 2, 1, 1, 1) -24 d_(9, 5, 1) -12 d_(9, 4, 2) +6 d_(9, 4, 1, 1) -42 d_(9, 3, 2, 1) +84 d_(9, 3, 1, 1, 1) +8 d_(8, 6, 1) +3 d_(8, 5, 2) +1 d_(8, 5, 1, 1) +21 d_(8, 4, 2, 1) -42 d_(8, 4, 1, 1, 1) -2 d_(7, 6, 1, 1) -7 d_(7, 5, 2, 1) +14 d_(7, 5, 1, 1, 1)

R091: central alpha=(5, 1) beta=(5, 3, 1) k=6
z = 32890280573471261021224263669554334301544792971158649621878899705635851181728546876158090737912342828431978192
R = +108 d_(10, 4, 1) -72 d_(10, 3, 1, 1) -54 d_(9, 5, 1) -102 d_(9, 4, 2) -114 d_(9, 4, 1, 1) +93 d_(9, 3, 2, 1) +84 d_(9, 3, 1, 1, 1) +18 d_(8, 6, 1) +63 d_(8, 5, 2) +81 d_(8, 5, 1, 1) +90 d_(8, 4, 3) +111 d_(8, 4, 2, 1) -42 d_(8, 4, 1, 1, 1) -135 d_(8, 3, 3, 1) -105 d_(8, 3, 2, 1, 1) -30 d_(7, 6, 2) -42 d_(7, 6, 1, 1) -70 d_(7, 5, 3) -107 d_(7, 5, 2, 1) +14 d_(7, 5, 1, 1, 1) -60 d_(7, 4, 4) -50 d_(7, 4, 3, 1) +70 d_(7, 4, 2, 1, 1) +140 d_(7, 3, 3, 1, 1) +60 d_(6, 6, 3) +105 d_(6, 6, 2, 1) +30 d_(6, 5, 4) +25 d_(6, 5, 3, 1) -35 d_(6, 5, 2, 1, 1) +210 d_(6, 4, 4, 1) -140 d_(6, 4, 3, 1, 1) -210 d_(5, 5, 4, 1) +140 d_(5, 5, 3, 1, 1)

R092: central alpha=(4, 2) beta=(6, 2, 1) k=6
z = 19666228220642137506210552686631351807642362358169176759182868795933602080830066123976970258062769975390496600
R = +252 d_(10, 4, 1) -126 d_(10, 3, 2) -378 d_(10, 3, 1, 1) +378 d_(10, 2, 2, 1) -126 d_(9, 5, 1) -54 d_(9, 4, 2) -18 d_(9, 4, 1, 1) +36 d_(9, 3, 3) +117 d_(9, 3, 2, 1) +324 d_(9, 3, 1, 1, 1) -216 d_(9, 2, 2, 2) -324 d_(9, 2, 2, 1, 1) +42 d_(8, 6, 1) +21 d_(8, 5, 2) +27 d_(8, 5, 1, 1) +42 d_(8, 4, 3) +63 d_(8, 4, 2, 1) -162 d_(8, 4, 1, 1, 1) -153 d_(8, 3, 3, 1) +30 d_(8, 3, 2, 2) -27 d_(8, 3, 2, 1, 1) +216 d_(8, 2, 2, 2, 1) -6 d_(7, 6, 2) -18 d_(7, 6, 1, 1) -14 d_(7, 5, 3) -23 d_(7, 5, 2, 1) +54 d_(7, 5, 1, 1, 1) -12 d_(7, 4, 4) -14 d_(7, 4, 3, 1) +18 d_(7, 4, 2, 1, 1) +36 d_(7, 3, 3, 2) +108 d_(7, 3, 3, 1, 1) -108 d_(7, 3, 2, 2, 1) +3 d_(6, 6, 2, 1) +13 d_(6, 5, 3, 1) -6 d_(6, 5, 2, 2) -9 d_(6, 5, 2, 1, 1) +24 d_(6, 4, 4, 1) -12 d_(6, 4, 3, 2) -36 d_(6, 4, 3, 1, 1) +36 d_(6, 4, 2, 2, 1)

R093: central alpha=(4, 2) beta=(5, 4) k=6
z = 985005731647424559520967365391335460624566505795987474773156167665854277153343451485383956958282913186701579400
R = +108 d_(9, 6) -54 d_(9, 5, 1) +18 d_(9, 4, 2) -102 d_(8, 6, 1) +63 d_(8, 5, 2) +45 d_(8, 5, 1, 1) -30 d_(8, 4, 3) -15 d_(8, 4, 2, 1) +90 d_(7, 6, 2) -70 d_(7, 5, 3) -43 d_(7, 5, 2, 1) +60 d_(7, 4, 4) +20 d_(7, 4, 3, 1) +12 d_(7, 4, 2, 2) -60 d_(6, 6, 3) +30 d_(6, 5, 4) +38 d_(6, 5, 3, 1) -30 d_(6, 4, 4, 1) -12 d_(6, 4, 3, 2) -18 d_(5, 5, 4, 1) +12 d_(5, 4, 4, 2)

R094: central alpha=(4, 1, 1) beta=(4, 3, 1, 1) k=6
z = 26219769039072106182560593535064307745163852855847844475897837494291616344312857916106420421082180747332092960
R = +36 d_(8, 4, 2, 1) -72 d_(8, 4, 1, 1, 1) -18 d_(8, 3, 2, 1, 1) +54 d_(8, 3, 1, 1, 1, 1) -12 d_(7, 5, 2, 1) +24 d_(7, 5, 1, 1, 1) -48 d_(7, 4, 3, 1) -27 d_(7, 4, 2, 2) +39 d_(7, 4, 2, 1, 1) +81 d_(7, 4, 1, 1, 1, 1) +24 d_(7, 3, 3, 1, 1) +27 d_(7, 3, 2, 2, 1) -54 d_(7, 3, 2, 1, 1, 1) -63 d_(7, 3, 1, 1, 1, 1, 1) +24 d_(6, 5, 3, 1) +12 d_(6, 5, 2, 2) -18 d_(6, 5, 2, 1, 1) -42 d_(6, 5, 1, 1, 1, 1) +72 d_(6, 4, 4, 1) +24 d_(6, 4, 3, 2) -48 d_(6, 4, 3, 1, 1) +47 d_(6, 4, 2, 2, 1) -94 d_(6, 4, 2, 1, 1, 1) +21 d_(6, 4, 1, 1, 1, 1, 1) -48 d_(6, 3, 3, 2, 1) +96 d_(6, 3, 3, 1, 1, 1) -28 d_(6, 3, 2, 2, 1, 1) +84 d_(6, 3, 2, 1, 1, 1, 1) -72 d_(5, 5, 4, 1) -18 d_(5, 5, 3, 2) +42 d_(5, 5, 3, 1, 1) -42 d_(5, 5, 2, 2, 1) +84 d_(5, 5, 2, 1, 1, 1) -12 d_(5, 4, 4, 2) +12 d_(5, 4, 4, 1, 1) -18 d_(5, 4, 3, 2, 1) +36 d_(5, 4, 3, 1, 1, 1) +14 d_(5, 4, 2, 2, 1, 1) -42 d_(5, 4, 2, 1, 1, 1, 1) +42 d_(5, 3, 3, 2, 1, 1) -126 d_(5, 3, 3, 1, 1, 1, 1) +84 d_(4, 4, 4, 2, 1) -168 d_(4, 4, 4, 1, 1, 1) -42 d_(4, 4, 3, 2, 1, 1) +126 d_(4, 4, 3, 1, 1, 1, 1)

R095: central alpha=(3, 3) beta=(5, 3, 1) k=6
z = 226300322015971949666959103927647657711404093170141462127569544268896557451558111784838652133889371990420610520
R = +90 d_(8, 6, 1) -60 d_(8, 5, 2) -120 d_(8, 5, 1, 1) +30 d_(8, 4, 3) +120 d_(8, 4, 2, 1) -120 d_(8, 3, 3, 1) -30 d_(7, 6, 2) -60 d_(7, 6, 1, 1) +10 d_(7, 5, 3) +80 d_(7, 5, 2, 1) +100 d_(7, 5, 1, 1, 1) -40 d_(7, 4, 3, 1) -60 d_(7, 4, 2, 2) -100 d_(7, 4, 2, 1, 1) +60 d_(7, 3, 3, 2) +100 d_(7, 3, 3, 1, 1) +6 d_(6, 6, 3) +24 d_(6, 6, 2, 1) -16 d_(6, 5, 3, 1) -24 d_(6, 5, 2, 2) -40 d_(6, 5, 2, 1, 1) +24 d_(6, 4, 3, 2) +20 d_(6, 4, 3, 1, 1) +60 d_(6, 4, 2, 2, 1) -24 d_(6, 3, 3, 3) -60 d_(6, 3, 3, 2, 1) +6 d_(5, 5, 3, 2) +10 d_(5, 5, 3, 1, 1) -6 d_(5, 4, 3, 3) -15 d_(5, 4, 3, 2, 1) +30 d_(5, 3, 3, 3, 1)

R096: central alpha=(3, 3) beta=(4, 3, 2) k=6
z = 76079288285745182954072339222057168398036159587237161539325674675909763461373935141616161612823380809218372640
R = +15 d_(7, 6, 2) -5 d_(7, 5, 3) -20 d_(7, 5, 2, 1) +10 d_(7, 4, 3, 1) +30 d_(7, 4, 2, 2) -30 d_(7, 3, 3, 2) -3 d_(6, 6, 3) -12 d_(6, 6, 2, 1) +8 d_(6, 5, 3, 1) +12 d_(6, 5, 2, 2) +20 d_(6, 5, 2, 1, 1) -12 d_(6, 4, 3, 2) -10 d_(6, 4, 3, 1, 1) -30 d_(6, 4, 2, 2, 1) +12 d_(6, 3, 3, 3) +30 d_(6, 3, 3, 2, 1) -3 d_(5, 5, 3, 2) -5 d_(5, 5, 3, 1, 1) -15 d_(5, 5, 2, 2, 1) +3 d_(5, 4, 3, 3) +15 d_(5, 4, 3, 2, 1) +30 d_(5, 4, 2, 2, 2) -15 d_(5, 3, 3, 3, 1) -30 d_(5, 3, 3, 2, 2) -5 d_(4, 4, 3, 3, 1) -10 d_(4, 4, 3, 2, 2) +20 d_(4, 3, 3, 3, 2)

R097: central alpha=(3, 3) beta=(3, 3, 2, 1) k=6
z = 4915823670309679062831596355357805175512899789673106961447874713701624586200461773991740518760648255280641120
R = +12 d_(6, 6, 2, 1) -4 d_(6, 5, 3, 1) -12 d_(6, 5, 2, 2) -20 d_(6, 5, 2, 1, 1) +6 d_(6, 4, 3, 2) +10 d_(6, 4, 3, 1, 1) +30 d_(6, 4, 2, 2, 1) -30 d_(6, 3, 3, 2, 1) +3 d_(5, 5, 3, 2) +5 d_(5, 5, 3, 1, 1) +15 d_(5, 5, 2, 2, 1) +30 d_(5, 5, 2, 1, 1, 1) -3 d_(5, 4, 3, 3) -15 d_(5, 4, 3, 2, 1) -15 d_(5, 4, 3, 1, 1, 1) -30 d_(5, 4, 2, 2, 2) -45 d_(5, 4, 2, 2, 1, 1) +15 d_(5, 3, 3, 3, 1) +30 d_(5, 3, 3, 2, 2) +45 d_(5, 3, 3, 2, 1, 1) +5 d_(4, 4, 3, 3, 1) +10 d_(4, 4, 3, 2, 2) +15 d_(4, 4, 3, 2, 1, 1) +60 d_(4, 4, 2, 2, 2, 1) -20 d_(4, 3, 3, 3, 2) -30 d_(4, 3, 3, 3, 1, 1) -60 d_(4, 3, 3, 2, 2, 1) +60 d_(3, 3, 3, 3, 2, 1)

R098: central alpha=(2, 2, 2) beta=(3, 3, 2, 1) k=6
z = 139904883789845818417346064157204881070517719802391336534110542436183847253246825967646069271357262276683939200
R = +20 d_(5, 5, 4, 1) -10 d_(5, 5, 3, 2) -30 d_(5, 5, 3, 1, 1) +30 d_(5, 5, 2, 2, 1) -5 d_(5, 4, 4, 2) -15 d_(5, 4, 4, 1, 1) +15 d_(5, 4, 3, 2, 1) +30 d_(5, 4, 3, 1, 1, 1) -15 d_(5, 4, 2, 2, 2) -30 d_(5, 4, 2, 2, 1, 1) -5 d_(5, 3, 3, 2, 2) -10 d_(5, 3, 3, 2, 1, 1) +20 d_(5, 3, 2, 2, 2, 1) +3 d_(4, 4, 4, 2, 1) +12 d_(4, 4, 4, 1, 1, 1) -3 d_(4, 4, 3, 2, 2) -12 d_(4, 4, 3, 2, 1, 1) -30 d_(4, 4, 3, 1, 1, 1, 1) +12 d_(4, 4, 2, 2, 2, 1) +30 d_(4, 4, 2, 2, 1, 1, 1) +8 d_(4, 3, 3, 2, 2, 1) +10 d_(4, 3, 3, 2, 1, 1, 1) -12 d_(4, 3, 2, 2, 2, 2) -20 d_(4, 3, 2, 2, 2, 1, 1) -3 d_(3, 3, 3, 2, 2, 2) -5 d_(3, 3, 3, 2, 2, 1, 1) +15 d_(3, 3, 2, 2, 2, 2, 1)

R099: central alpha=(7,) beta=(7, 1) k=2
z = 3177074812827464436380253303897801360474599870433241368605174544966401092112243716903574847814984408238725536540
R = +441 d_(14, 1) +207 d_(13, 2) +171 d_(13, 1, 1) +75 d_(12, 3) +39 d_(12, 2, 1) +12 d_(11, 4) -16 d_(11, 3, 1) -9 d_(10, 5) -24 d_(10, 4, 1) -9 d_(9, 6) -9 d_(9, 5, 1) -3 d_(8, 7) +11 d_(8, 6, 1) +24 d_(7, 7, 1)

R100: central alpha=(4, 3) beta=(4, 4) k=3
z = 368425145580171877451765863670258559129138570978854687858450806828784191985693490452967744613402629579251599320
R = +1740 d_(8, 7) +375 d_(8, 6, 1) -45 d_(8, 4, 3) +201 d_(7, 7, 1) -81 d_(7, 6, 2) -255 d_(7, 6, 1, 1) -49 d_(7, 5, 3) -130 d_(7, 5, 2, 1) +9 d_(7, 4, 4) +5 d_(7, 4, 3, 1) -108 d_(6, 6, 2, 1) +32 d_(6, 5, 3, 1) +54 d_(6, 5, 2, 2) +90 d_(6, 4, 4, 1) +117 d_(6, 4, 3, 2) +39 d_(5, 5, 3, 2) -15 d_(5, 4, 4, 2) -93 d_(5, 4, 3, 3) -390 d_(4, 4, 4, 3)

R101: central alpha=(7,) beta=(7, 1) k=6
z = 4661909139237840061175324556856636535875336942792512196742179325858622327917713664531246097806355769043729771565
R = +147 d_(14, 1) -87 d_(13, 2) -123 d_(13, 1, 1) +45 d_(12, 3) +81 d_(12, 2, 1) -18 d_(11, 4) -46 d_(11, 3, 1) +3 d_(10, 5) +18 d_(10, 4, 1) +3 d_(9, 6) +3 d_(9, 5, 1) -3 d_(8, 7) -17 d_(8, 6, 1) +24 d_(7, 7, 1)

R102: central alpha=(4, 2, 1) beta=(4, 2, 2) k=6
z = 27138201677078213720841798803047593592013475189282312477782031095735618052024016876701565709765301106476480
R = +1416 d_(8, 4, 3) -588 d_(8, 4, 2, 1) -1584 d_(8, 3, 3, 1) +1356 d_(8, 3, 2, 2) +360 d_(8, 3, 2, 1, 1) -504 d_(8, 2, 2, 2, 1) -344 d_(7, 5, 3) +52 d_(7, 5, 2, 1) -456 d_(7, 4, 4) -632 d_(7, 4, 3, 1) +528 d_(7, 4, 2, 2) +432 d_(7, 4, 2, 1, 1) +432 d_(7, 3, 3, 2) +1008 d_(7, 3, 3, 1, 1) -1176 d_(7, 3, 2, 2, 1) -96 d_(7, 3, 2, 1, 1, 1) +216 d_(7, 2, 2, 2, 2) -24 d_(7, 2, 2, 2, 1, 1) -192 d_(6, 6, 3) +216 d_(6, 6, 2, 1) +96 d_(6, 5, 4) +448 d_(6, 5, 3, 1) -396 d_(6, 5, 2, 2) -216 d_(6, 5, 2, 1, 1) +552 d_(6, 4, 4, 1) +213 d_(6, 4, 3, 2) -129 d_(6, 4, 3, 1, 1) -295 d_(6, 4, 2, 2, 1) -256 d_(6, 4, 2, 1, 1, 1) -672 d_(6, 3, 3, 3) -333 d_(6, 3, 3, 2, 1) -48 d_(6, 3, 3, 1, 1, 1) +696 d_(6, 3, 2, 2, 2) +416 d_(6, 3, 2, 2, 1, 1) +480 d_(6, 2, 2, 2, 2, 1) -288 d_(5, 5, 4, 1) -81 d_(5, 5, 3, 2) -531 d_(5, 5, 3, 1, 1) +603 d_(5, 5, 2, 2, 1) +432 d_(5, 5, 2, 1, 1, 1) -183 d_(5, 4, 4, 2) +27 d_(5, 4, 4, 1, 1) -429 d_(5, 4, 3, 3) +414 d_(5, 4, 3, 2, 1) +69 d_(5, 4, 3, 1, 1, 1) -303 d_(5, 4, 2, 2, 2) -253 d_(5, 4, 2, 2, 1, 1) +165 d_(5, 3, 3, 3, 1) +315 d_(5, 3, 3, 2, 2) +225 d_(5, 3, 3, 2, 1, 1) -960 d_(5, 3, 2, 2, 2, 1) +720 d_(4, 4, 4, 3) -135 d_(4, 4, 4, 2, 1) +195 d_(4, 4, 3, 3, 1) -675 d_(4, 4, 3, 2, 2) -345 d_(4, 4, 3, 2, 1, 1) +1200 d_(4, 4, 2, 2, 2, 1)

R103: central alpha=(5, 1, 1) beta=(5, 2, 1) k=7
z = 174552131977934013387846868229942082727029880290111884320663229946187111303618597070280861078317085171626390400
R = +12 d_(10, 3, 2) -12 d_(10, 3, 1, 1) -4 d_(10, 2, 2, 1) +8 d_(10, 2, 1, 1, 1) -9 d_(9, 4, 2) +9 d_(9, 4, 1, 1) -15 d_(9, 3, 3) +4 d_(9, 3, 2, 1) +7 d_(9, 3, 1, 1, 1) +7 d_(9, 2, 2, 2) -7 d_(9, 2, 2, 1, 1) -8 d_(9, 2, 1, 1, 1, 1) +6 d_(8, 5, 2) -6 d_(8, 5, 1, 1) +15 d_(8, 4, 3) -4 d_(8, 4, 2, 1) -7 d_(8, 4, 1, 1, 1) +6 d_(8, 3, 2, 2) -6 d_(8, 3, 2, 1, 1) +6 d_(8, 3, 1, 1, 1, 1) -5 d_(8, 2, 2, 2, 1) +10 d_(8, 2, 2, 1, 1, 1) -3 d_(7, 6, 2) +3 d_(7, 6, 1, 1) -15 d_(7, 5, 3) +4 d_(7, 5, 2, 1) +7 d_(7, 5, 1, 1, 1) -4 d_(7, 4, 2, 2) +4 d_(7, 4, 2, 1, 1) -4 d_(7, 4, 1, 1, 1, 1) -15 d_(7, 3, 3, 2) +15 d_(7, 3, 3, 1, 1) +5 d_(7, 3, 2, 2, 1) -10 d_(7, 3, 2, 1, 1, 1) +15 d_(6, 6, 3) -4 d_(6, 6, 2, 1) -7 d_(6, 6, 1, 1, 1) +2 d_(6, 5, 2, 2) -2 d_(6, 5, 2, 1, 1) +2 d_(6, 5, 1, 1, 1, 1) +15 d_(6, 4, 3, 2) -15 d_(6, 4, 3, 1, 1) -5 d_(6, 4, 2, 2, 1) +10 d_(6, 4, 2, 1, 1, 1) -15 d_(5, 5, 3, 2) +15 d_(5, 5, 3, 1, 1) +5 d_(5, 5, 2, 2, 1) -10 d_(5, 5, 2, 1, 1, 1)

R104: central alpha=(4, 3) beta=(4, 4) k=7
z = 2271209107156478464282819834111029661696324199700755492128324173697925353053865890834842310499795635969740713800
R = +4 d_(8, 7) -3 d_(8, 6, 1) +2 d_(8, 5, 2) -1 d_(8, 4, 3) -5 d_(7, 7, 1) +5 d_(7, 6, 2) +3 d_(7, 6, 1, 1) -5 d_(7, 5, 3) -2 d_(7, 5, 2, 1) +5 d_(7, 4, 4) +1 d_(7, 4, 3, 1) -4 d_(6, 6, 2, 1) +4 d_(6, 5, 3, 1) +2 d_(6, 5, 2, 2) -4 d_(6, 4, 4, 1) -1 d_(6, 4, 3, 2) -3 d_(5, 5, 3, 2) +3 d_(5, 4, 4, 2) +1 d_(5, 4, 3, 3) -2 d_(4, 4, 4, 3)

R105: central alpha=(4, 2, 1) beta=(4, 2, 1, 1) k=7
z = 366365722640555885231364283841142513492181915055311218450057419792430843702324227835471137081831564937432480
R = +18 d_(8, 4, 2, 1) -36 d_(8, 4, 1, 1, 1) -18 d_(8, 3, 3, 1) -6 d_(8, 3, 2, 2) +6 d_(8, 3, 2, 1, 1) +48 d_(8, 3, 1, 1, 1, 1) +24 d_(8, 2, 2, 2, 1) -48 d_(8, 2, 2, 1, 1, 1) -18 d_(7, 5, 2, 1) +36 d_(7, 5, 1, 1, 1) -4 d_(7, 4, 2, 2) +4 d_(7, 4, 2, 1, 1) -4 d_(7, 4, 1, 1, 1, 1) +16 d_(7, 3, 3, 2) +20 d_(7, 3, 3, 1, 1) -24 d_(7, 3, 2, 2, 1) -6 d_(7, 3, 2, 1, 1, 1) -56 d_(7, 3, 1, 1, 1, 1, 1) -16 d_(7, 2, 2, 2, 2) +16 d_(7, 2, 2, 2, 1, 1) +56 d_(7, 2, 2, 1, 1, 1, 1) +18 d_(6, 6, 2, 1) -36 d_(6, 6, 1, 1, 1) +2 d_(6, 5, 2, 2) -2 d_(6, 5, 2, 1, 1) +2 d_(6, 5, 1, 1, 1, 1) +18 d_(6, 4, 4, 1) -7 d_(6, 4, 3, 2) -29 d_(6, 4, 3, 1, 1) +45 d_(6, 4, 2, 2, 1) -36 d_(6, 4, 2, 1, 1, 1) +56 d_(6, 4, 1, 1, 1, 1, 1) -6 d_(6, 3, 3, 3) -21 d_(6, 3, 3, 2, 1) +48 d_(6, 3, 3, 1, 1, 1) +6 d_(6, 3, 2, 2, 2) -6 d_(6, 3, 2, 2, 1, 1) +28 d_(6, 2, 2, 2, 2, 1) -56 d_(6, 2, 2, 2, 1, 1, 1) -18 d_(5, 5, 4, 1) +7 d_(5, 5, 3, 2) +29 d_(5, 5, 3, 1, 1) -45 d_(5, 5, 2, 2, 1) +36 d_(5, 5, 2, 1, 1, 1) -56 d_(5, 5, 1, 1, 1, 1, 1) -3 d_(5, 4, 4, 2) +3 d_(5, 4, 4, 1, 1) +3 d_(5, 4, 3, 3) -3 d_(5, 4, 3, 1, 1, 1) -3 d_(5, 4, 2, 2, 2) +3 d_(5, 4, 2, 2, 1, 1) +21 d_(5, 3, 3, 3, 1) +7 d_(5, 3, 3, 2, 2) -7 d_(5, 3, 3, 2, 1, 1) -56 d_(5, 3, 3, 1, 1, 1, 1) -28 d_(5, 3, 2, 2, 2, 1) +56 d_(5, 3, 2, 2, 1, 1, 1) +21 d_(4, 4, 4, 2, 1) -42 d_(4, 4, 4, 1, 1, 1) -21 d_(4, 4, 3, 3, 1) -7 d_(4, 4, 3, 2, 2) +7 d_(4, 4, 3, 2, 1, 1) +56 d_(4, 4, 3, 1, 1, 1, 1) +28 d_(4, 4, 2, 2, 2, 1) -56 d_(4, 4, 2, 2, 1, 1, 1)

R106: central alpha=(3, 2, 2) beta=(3, 2, 2, 1) k=7
z = 64302371103116409811937109679687170915920199201509291728200103023212448707394684982160486056732383681663223200
R = +10 d_(6, 4, 4, 1) -5 d_(6, 4, 3, 2) -15 d_(6, 4, 3, 1, 1) +15 d_(6, 4, 2, 2, 1) +5 d_(6, 3, 3, 2, 1) +20 d_(6, 3, 3, 1, 1, 1) -10 d_(6, 3, 2, 2, 2) -20 d_(6, 3, 2, 2, 1, 1) +20 d_(6, 2, 2, 2, 2, 1) -10 d_(5, 5, 4, 1) +5 d_(5, 5, 3, 2) +15 d_(5, 5, 3, 1, 1) -15 d_(5, 5, 2, 2, 1) -1 d_(5, 4, 4, 2) +1 d_(5, 4, 4, 1, 1) +1 d_(5, 4, 3, 3) -1 d_(5, 4, 3, 1, 1, 1) -1 d_(5, 4, 2, 2, 2) +1 d_(5, 4, 2, 2, 1, 1) -1 d_(5, 3, 3, 3, 1) +1 d_(5, 3, 3, 2, 2) -5 d_(5, 3, 3, 2, 1, 1) -24 d_(5, 3, 3, 1, 1, 1, 1) +10 d_(5, 3, 2, 2, 2, 1) +24 d_(5, 3, 2, 2, 1, 1, 1) -16 d_(5, 2, 2, 2, 2, 2) -24 d_(5, 2, 2, 2, 2, 1, 1) +4 d_(4, 4, 4, 3) +7 d_(4, 4, 4, 2, 1) -18 d_(4, 4, 4, 1, 1, 1) -15 d_(4, 4, 3, 3, 1) +3 d_(4, 4, 3, 2, 2) +5 d_(4, 4, 3, 2, 1, 1) +24 d_(4, 4, 3, 1, 1, 1, 1) +8 d_(4, 4, 2, 2, 2, 1) -24 d_(4, 4, 2, 2, 1, 1, 1) +6 d_(4, 3, 3, 3, 2) +20 d_(4, 3, 3, 3, 1, 1) -20 d_(4, 3, 3, 2, 2, 1) +2 d_(4, 3, 2, 2, 2, 2) +24 d_(4, 2, 2, 2, 2, 2, 1) -6 d_(3, 3, 3, 3, 2, 1) -24 d_(3, 3, 3, 3, 1, 1, 1) +12 d_(3, 3, 3, 2, 2, 2) +24 d_(3, 3, 3, 2, 2, 1, 1) -24 d_(3, 3, 2, 2, 2, 2, 1)

R107: branch beta=(10, 1, 1, 1, 1) gamma=(9, 1, 1, 1, 1)
z = 2308926761448964369515284585932674697826021030440616436837234488280727025567999278923245786696239870445622303840
R = +126 d_(11, 1, 1, 1, 1) -14 d_(10, 2, 1, 1, 1) -9 d_(10, 1, 1, 1, 1, 1)

R108: branch beta=(9, 3, 1, 1) gamma=(9, 2, 1, 1)
z = 10405104532411412947001026817060035876118284559830678774926960110989280723904029136345924796579303679216788680060
R = +5 d_(10, 3, 1, 1) +40 d_(9, 4, 1, 1) -20 d_(9, 3, 2, 1) -8 d_(9, 3, 1, 1, 1)

R109: branch beta=(9, 2, 1, 1, 1) gamma=(9, 1, 1, 1, 1)
z = 793051249604120530129661443502158272345668876916112989260307799815294766808598063578799960744346077537746214840
R = +5 d_(10, 2, 1, 1, 1) +45 d_(9, 3, 1, 1, 1) -45 d_(9, 2, 2, 1, 1) -9 d_(9, 2, 1, 1, 1, 1)

R110: branch beta=(9, 1, 1, 1, 1, 1) gamma=(8, 1, 1, 1, 1, 1)
z = 1201308080985088803724996785496880822033580254237324973614715562348934030668695768128263770198984106949607110160
R = +56 d_(10, 1, 1, 1, 1, 1) -7 d_(9, 2, 1, 1, 1, 1) -4 d_(9, 1, 1, 1, 1, 1, 1)

R111: branch beta=(8, 3, 1, 1, 1) gamma=(8, 2, 1, 1, 1)
z = 2749591155861425501771041022124971713776946313864425634067393781169295049648565574076152367514459398394595962640
R = +6 d_(9, 3, 1, 1, 1) +42 d_(8, 4, 1, 1, 1) -21 d_(8, 3, 2, 1, 1) -7 d_(8, 3, 1, 1, 1, 1)

R112: branch beta=(8, 2, 1, 1, 1, 1) gamma=(7, 2, 1, 1, 1, 1)
z = 187869111233331227143994990243510134750877638052810465133791886402113667191211024240102696442938836716551787800
R = +312 d_(9, 2, 1, 1, 1, 1) -52 d_(8, 3, 1, 1, 1, 1) -39 d_(8, 2, 2, 1, 1, 1) -24 d_(8, 2, 1, 1, 1, 1, 1)

R113: branch beta=(7, 3, 1, 1, 1, 1) gamma=(6, 3, 1, 1, 1, 1)
z = 238449293582727483254898793277142989358181814293162493464279808670853226537416553113445885678175240676534187520
R = +84 d_(8, 3, 1, 1, 1, 1) -21 d_(7, 4, 1, 1, 1, 1) -12 d_(7, 3, 2, 1, 1, 1) -7 d_(7, 3, 1, 1, 1, 1, 1)

R114: branch beta=(7, 2, 2, 1, 1, 1) gamma=(6, 2, 2, 1, 1, 1)
z = 93884550002537836692215126910797261442574598840405094046665330989779699301811230831630048851827838126858161600
R = +120 d_(8, 2, 2, 1, 1, 1) -24 d_(7, 3, 2, 1, 1, 1) -15 d_(7, 2, 2, 2, 1, 1) -10 d_(7, 2, 2, 1, 1, 1, 1)

R115: branch beta=(7, 2, 2, 1, 1, 1) gamma=(7, 2, 1, 1, 1, 1)
z = 50700516159267420683654782024260623775191379407645706885700646785493938931034451852777910280555691080769209312
R = +5 d_(8, 2, 2, 1, 1, 1) +20 d_(7, 3, 2, 1, 1, 1) -40 d_(7, 2, 2, 2, 1, 1) -8 d_(7, 2, 2, 1, 1, 1, 1)

R116: branch beta=(6, 3, 2, 1, 1, 1) gamma=(6, 3, 1, 1, 1, 1)
z = 15835912725787011893109757514711686423649993414889863240638576118387340694400742189184609647663287258066005056
R = +15 d_(7, 3, 2, 1, 1, 1) +35 d_(6, 4, 2, 1, 1, 1) +105 d_(6, 3, 3, 1, 1, 1) -105 d_(6, 3, 2, 2, 1, 1) -21 d_(6, 3, 2, 1, 1, 1, 1)

R117: branch beta=(5, 4, 3, 1, 1) gamma=(5, 3, 3, 1, 1)
z = 997016825085895264122999866975836301830676838022069560239285782142027877922097683296090237782807622292305123615
R = +28 d_(6, 4, 3, 1, 1) +84 d_(5, 5, 3, 1, 1) -84 d_(5, 4, 4, 1, 1) -21 d_(5, 4, 3, 2, 1) -12 d_(5, 4, 3, 1, 1, 1)

R118: branch beta=(5, 4, 3, 1, 1) gamma=(5, 4, 2, 1, 1)
z = 2048811577189816651061098824149103419215514924088837917139505780674537283061810587372334550111404069561356683930
R = +6 d_(6, 4, 3, 1, 1) +10 d_(5, 5, 3, 1, 1) +30 d_(5, 4, 4, 1, 1) -15 d_(5, 4, 3, 2, 1) -6 d_(5, 4, 3, 1, 1, 1)

R119: branch beta=(5, 3, 3, 1, 1, 1) gamma=(5, 3, 2, 1, 1, 1)
z = 1010497805276604906215837113008064648393817025599954315676197645967340442026808541302369373899798370384813128160
R = +6 d_(6, 3, 3, 1, 1, 1) +15 d_(5, 4, 3, 1, 1, 1) -15 d_(5, 3, 3, 2, 1, 1) -5 d_(5, 3, 3, 1, 1, 1, 1)

R120: branch beta=(4, 4, 4, 1, 1) gamma=(4, 4, 3, 1, 1)
z = 18028359151727582857467951563569995579402993188766318138746502797320891308928328577019002889249914690686662644960
R = +2 d_(5, 4, 4, 1, 1) -2 d_(4, 4, 4, 2, 1) -1 d_(4, 4, 4, 1, 1, 1)

R121: branch beta=(4, 4, 3, 2, 1) gamma=(4, 4, 2, 2, 1)
z = 301897714208092316080005450469864689777400275114802429081703274871625659130832989953529048978126841831168385224
R = +15 d_(5, 4, 3, 2, 1) +60 d_(4, 4, 4, 2, 1) -60 d_(4, 4, 3, 3, 1) -20 d_(4, 4, 3, 2, 2) -12 d_(4, 4, 3, 2, 1, 1)

R122: branch beta=(4, 4, 3, 1, 1, 1) gamma=(4, 3, 3, 1, 1, 1)
z = 3802706161419782804013795604567443594023999965990703387823020672969980837951094044713341326282432098445651346016
R = +4 d_(5, 4, 3, 1, 1, 1) -8 d_(4, 4, 4, 1, 1, 1) -2 d_(4, 4, 3, 2, 1, 1) -1 d_(4, 4, 3, 1, 1, 1, 1)

R123: branch beta=(4, 4, 3, 1, 1, 1) gamma=(4, 4, 2, 1, 1, 1)
z = 2039493766190567320464628953529023829782165395676752512672173073373913283827694846461128299032321638191752034512
R = +3 d_(5, 4, 3, 1, 1, 1) +12 d_(4, 4, 4, 1, 1, 1) -6 d_(4, 4, 3, 2, 1, 1) -2 d_(4, 4, 3, 1, 1, 1, 1)

R124: branch beta=(4, 3, 3, 2, 1, 1) gamma=(4, 3, 2, 2, 1, 1)
z = 1664139851523468831936834692042636272630444633720544393687693807851819057182749736891268347265666124860866812640
R = +3 d_(5, 3, 3, 2, 1, 1) +6 d_(4, 4, 3, 2, 1, 1) -12 d_(4, 3, 3, 3, 1, 1) -4 d_(4, 3, 3, 2, 2, 1) -2 d_(4, 3, 3, 2, 1, 1, 1)

R125: branch beta=(3, 3, 3, 3, 1, 1) gamma=(3, 3, 3, 2, 1, 1)
z = 7071818682535052561725929693153347389770062380449769870366322703966190106469800972825450314308931832752212710640
R = +5 d_(4, 3, 3, 3, 1, 1) -10 d_(3, 3, 3, 3, 2, 1) -4 d_(3, 3, 3, 3, 1, 1, 1)

